000000020
000000021
000000025
000000026
000000035
000000044
000000051
000000052
000000081
000000084
000000088
000000091
000000133
000000146
000000165
000000170
000000171
000000174
000000177
000000198
000000223
000000227
000000236
000000257
000000295
000000298
000000310
000000311
000000314
000000318
000000319
000000321
000000327
000000335
000000375
000000380
000000395
000000423
000000443
000000463
000000488
000000492
000000505
000000513
000000523
000000546
000000571
000000586
000000604
000000648
000000674
000000679
000000688
000000829
000000893
000000905
000000917
000000920
000001046
000001115
000001146
000001196
000001204
000001241
000001307
000001437
000001555
000001771
000001774
000001801
000001902
000001951
000001955
000001975
000002099
000002965
000003007
000004503
000006785
000012471
000013377
300000138
300000140
300000311
300000579
300000853
300000918
300001118
300001141
300001612
300001625
300001645
300002883
300004634
300004816
300004882
300004974
300009807
300010187
300010196
300010537
300010539
300010540
300010866
300012284
300012336
300012341
300015376
300016649
